73917074093275,73919307610810,2233517535
73919313387014,73919449816106,136429092
73922699468549,73923952062233,1252593684
73923957673733,73924110542326,152868593
73927461953750,73929637376897,2175423147
73929640320100,73929780048785,139728685
73933046356598,73933371282691,324926093
73933376911431,73933636275728,259364297
73938579445706,73938912023502,332577796
73938914910243,73939122653058,207742815
73944086760073,73946346661479,2259901406
73946351431979,73946497937701,146505722
73949709301829,73951988688717,2279386888
73951992976050,73952139933050,146957000
73955314947048,73956552477751,1237530703
73956555636621,73956719455973,163819352
73960915163508,73961266351174,351187666
73961269705841,73961479507081,209801240
73966576520004,73966726738893,150218889
73966730038708,73966970464504,240425796
73972087013668,73973248071852,1161058184
73973251009500,73973432363371,181353871
73977710583664,73977888037979,177454315
73977890855312,73978127369386,236514074
73983342863365,73983488296309,145432944
73983492189679,73983735863883,243674204
73989005430769,73989208043269,202612500
73989210938157,73989428593435,217655278
73994579355543,73994935757061,356401518
73994938817636,73995183224987,244407351
74000203813262,74000341912595,138099333
74000346838817,74000585573299,238734482
74005777881129,74007092698054,1314816925
74007098829758,74007279225276,180395518
74011347258885,74012632054458,1284795573
74012635111866,74012805870106,170758240
74016134953345,74018347727566,2212774221
74018356192140,74018498148621,141956481
74021686743638,74022987151693,1300408055
74022991067452,74023218202285,227134833
74027213841987,74029451825078,2237983091
74029455576819,74029591742485,136165666
74032815971520,74033104032705,288061185
74033107662316,74033329043483,221381167
74037595428129,74039822129498,2226701369
74039829629257,74039964699053,135069796
74043218106533,74044434981828,1216875295
74044439116013,74044708572513,269456500
74048205143733,74048553833233,348689500
74048558940455,74048785904696,226964241
74053746523675,74054014348878,267825203
74054017563656,74054282490211,264926555
74059312057208,74060569110356,1257053148
74060574723356,74060858398837,283675481
74064274768668,74065587578742,1312810074
74065591586242,74065770607149,179020907
74069030329332,74069480024221,449694889
74069483797128,74069681130665,197333537
74074547885236,74075862932421,1315047185
74075865937143,74076052373458,186436315
74080087543159,74080406117825,318574666
74080412811788,74080627484899,214673111
74085653932915,74086911863358,1257930443
74086916901247,74087106045377,189144130
74091221176115,74091477267967,256091852
74091482592208,74091740491559,257899351
74096784736982,74098003560222,1218823240
74098006665426,74098300588463,293923037
74100906943702,74102168028627,1261084925
74102170955498,74102331898220,160942722
74106544015810,74106806453661,262437851
74106811515254,74107037184884,225669630
74112239743862,74112374339473,134595611
74112382352343,74112619672084,237319741
74117804046470,74119026421802,1222375332
74119030378969,74119178286821,147907852
74123412512281,74123676462337,263950056
74123679367114,74123904729299,225362185
74128981029185,74129311676481,330647296
74129314827370,74129526307092,211479722
74134576115552,74135868538552,1292423000
74135874787848,74136145446200,270658352
74139567712420,74140783387993,1215675573
74140787149512,74140980048067,192898555
74145110219379,74146276243453,1166024074
74146279357879,74146463979397,184621518
74150768519302,74152089909005,1321389703
74152095436134,74152293305523,197869389
74156395595873,74156762563835,366967962
74156765659817,74156988429706,222769889
74161973034832,74163293133665,1320098833
74163296365220,74163482901387,186536167
74167567583329,74167798547607,230964278
74167802765421,74168023921773,221156352
74173070686159,74173392076233,321390074
74173397864048,74173610748566,212884518
74178035199841,74180226633062,2191433221
74180229756007,74180372861932,143105925
74183607462856,74184883057356,1275594500
74184890510152,74185045850356,155340204
74189295497538,74189480949853,185452315
74189487141668,74189770109871,282968203
74194057877480,74195364024257,1306146777
74195366956720,74195515572183,148615463
74198816724607,74200123160254,1306435647
74200128481921,74200279149809,150667888
74204523854751,74205666396028,1142541277
74205670920769,74205868704862,197784093
74210067304878,74211320690099,1253385221
74211323831432,74211473624266,149792834
74215699370208,74215986870522,287500314
74215989822856,74216220033763,230210907
74221388840297,74222657917666,1269077369
74222663187055,74222818735074,155548019
74227024358979,74227308414941,284055962
74227313577682,74227540470201,226892519
74231928053531,74232238253698,310200167
74232243311753,74232463185087,219873334
74237528500046,74238745661268,1217161222
74238749185861,74238947985953,198800092
74243091580506,74243230292691,138712185
74243234533988,74243497257450,262723462
74248658972429,74248989845058,330872629
74248992975243,74249216083132,223107889
74254262425129,74254736042629,473617500
74254739061629,74254918810573,179748944
74259798495033,74261986173736,2187678703
74261990544791,74262129460884,138916093
74265426904585,74267619600547,2192695962
74267623812343,74267766342899,142530556
74271083481767,74271239401767,155920000
74271243854730,74271471298748,227444018
74276691212356,74276957034171,265821815
74276959999541,74277175905838,215906297
74282319994335,74283470704593,1150710258
74283474068815,74283641821204,167752389
74287862257554,74290053249182,2190991628
74290056222219,74290200028571,143806352
74293491055976,74294847929235,1356873259
74294851933123,74295029862364,177929241
74299088771158,74300434637546,1345866388
74300441739250,74300657583898,215844648
74304655765895,74306925198857,2269432962
74306928297950,74307066919283,138621333
74310258385929,74310584531040,326145111
74310587778670,74310820708595,232929925
74315953607778,74316140968648,187360870
74316147622907,74316373435499,225812592
74321522492978,74322850595792,1328102814
74322855194459,74323004839107,149644648
74327213631271,74328432571122,1218939851
74328436845918,74328638707733,201861815
74332758197045,74333086869638,328672593
74333089840490,74333300126638,210286148
74338415560468,74338778346245,362785777
74338784199412,74339010130449,225931037
74344011473890,74346176593500,2165119610
74346181097778,74346318380778,137283000
74349676075202,74349990613961,314538759
74349996395091,74350192886202,196491111
74355310719310,74356488649364,1177930054
74356493554901,74356654740013,161185112
74360944853491,74363218299194,2273445703
74363221727342,74363379623786,157896444
74366609415673,74367887473839,1278058166
74367896301561,74368081009376,184707815
74372208055633,74373383166762,1175111129
74373387504188,74373570570225,183066037
74377900411407,74379219028166,1318616759
74379225969203,74379405876073,179906870
74383474505830,74383707879182,233373352
74383711877348,74383964036478,252159130
74389103110567,74389298972178,195861611
74389303382641,74389528922326,225539685
74394614687712,74396878084007,2263396295
74396881694914,74397022594914,140900000
74400235660672,74400431398801,195738129
74400436284116,74400638736079,202451963
74405783230502,74407100957871,1317727369
74407106486057,74407289184501,182698444
74410523566036,74410755793554,232227518
74410761802943,74410992072610,230269667
74416119243310,74418351812476,2232569166
74418354944865,74418493483939,138539074
74421743525881,74421952026455,208500574
74421954915862,74422176092603,221176741
74427280425007,74427632038341,351613334
74427639182581,74427888043433,248860852
74432911746967,74433126392004,214645037
74433129363652,74433370977041,241613389
74438511170279,74438807403889,296233610
74438810770852,74439022313704,211542852
74444142608349,74444289216034,146607685
74444293791775,74444528270886,234479111
74449078004050,74450343057605,1265053555
74450346120994,74450543463049,197342055
74454673664250,74456941662601,2267998351
74456948603638,74457089378416,140774778
74460274865580,74460631515414,356649834
74460637729451,74460853355080,215625629
74465899975244,74468139994187,2240018943
74468142940557,74468293726650,150786093
74471474470574,74473736893350,2262422776
74473741553721,74473891215794,149662073
74477016450515,74478316271070,1299820555
74478322099162,74478512323866,190224704
74482608052863,74482903654456,295601593
74482906610030,74483112967604,206357574
74488179771360,74490451192729,2271421369
74490456387340,74490610441562,154054222
74493869715931,74495325884874,1456168943
74495334598782,74495536558282,201959500
74499375204242,74499512031187,136826945
74499520524816,74499782305853,261781037
74504310027462,74504610292424,300264962
74504614881721,74504846935091,232053370
74509969255254,74511233434346,1264179092
74511238380587,74511430710217,192329630
74515631312547,74516869621769,1238309222
74516873965250,74517056506843,182541593
74521199675192,74521520489285,320814093
74521529035673,74521737624025,208588352
74526860272467,74527004017041,143744574
74527006840541,74527287643855,280803314
74532342756352,74534575572499,2232816147
74534578724351,74534714798203,136073852
74537878743923,74538234232441,355488518
74538240931034,74538457223775,216292741
74543507764531,74544901700160,1393935629
74544908132160,74545109083974,200951814
74549099219657,74550361696841,1262477184
74550367304860,74550559586878,192282018
74554647126413,74555960043190,1312916777
74555966609653,74556138363282,171753629
74560216046650,74562404400131,2188353481
74562407539482,74562547153686,139614204
74565816186888,74566980033869,1163846981
74566982951554,74567238178220,255226666
74571404984014,74571656869051,251885037
74571661572107,74571881718384,220146277
74576886689196,74577181921326,295232130
74577185527955,74577408888048,223360093
74582512312878,74583772865136,1260552258
74583775865729,74583930392636,154526907
74588119540893,74589364347022,1244806129
74589368376559,74589534505429,166128870
74592893695187,74593036035372,142340185
74593040352594,74593281324834,240972240
74598486336665,74599800726886,1314390221
74599804390090,74599972508719,168118629
74604115199809,74605411643364,1296443555
74605415227512,74605569267401,154039889
74609746830362,74609892021102,145190740
74609895055917,74610138421584,243365667
74615410725840,74616581208839,1170482999
74616585466228,74616806240283,220774055
74620981931707,74621121356614,139424907
74621125030503,74621372193355,247162852
74626635865426,74627905257869,1269392443
74627910044869,74628102929666,192884797
74632268094663,74632624344348,356249685
74632629931052,74632850176015,220244963
74637804538771,74638156508104,351969333
74638162160122,74638377753530,215593408
74643352071231,74644643404341,1291333110
74644646799545,74644835337007,188537462
74648976882449,74650195196393,1218313944
74650198212393,74650403827689,205615296
74654610839020,74655879994019,1269154999
74655886640019,74656070566464,183926445
74660207083554,74661484197942,1277114388
74661490188997,74661716255312,226066315
74665806610588,74666953052235,1146441647
74666957350013,74667126214124,168864111
74671471280566,74672609337269,1138056703
74672612705435,74672911531305,298825870
74676980191673,74678299689154,1319497481
74678304884932,74678531216710,226331778
74682487741115,74683813671669,1325930554
74683819196873,74684009320466,190123593
74688052203019,74688343295574,291092555
74688350152111,74688564065204,213913093
74693618541978,74693941522349,322980371
74693946267219,74694157313608,211046389
74699252086901,74700568474548,1316387647
74700573030548,74700731751567,158721019
74704883297509,74707122169452,2238871943
74707127770544,74707273704081,145933537
74710487166487,74712672531615,2185365128
74712676807282,74712811327745,134520463
74716080671502,74716376073613,295402111
74716384346039,74716603719872,219373833
74721560475351,74722723454813,1162979462
74722726404368,74722970010479,243606111
74726517029292,74726670416292,153387000
74726674292348,74726916679588,242387240
74732173065992,74733402377677,1229311685
74733407430195,74733564352084,156921889
74737782507119,74739101787470,1319280351
74739108368896,74739262937914,154569018
74743440047634,74744774630059,1334582425
74744781464874,74744963294485,181829611
74749011469834,74751254192740,2242722906
74751257458777,74751403096703,145637926
74754670696127,74754899297108,228600981
74754903527701,74755119117294,215589593
74760335404476,74760562778050,227373574
74760567066124,74760791441457,224375333
74765296420306,74766639808731,1343388425
74766645195564,74766898782990,253587426
74770775468562,74772959166209,2183697647
74772962247524,74773096197209,133949685
74776334879170,74776624938336,290059166
74776633038947,74776846447114,213408167
74781905983463,74782191530981,285547518
74782199534092,74782454201536,254667444
74787448857348,74789705086940,2256229592
74789709573328,74789859552162,149978834
74793039843678,74794284111659,1244267981
74794287126252,74794486898344,199772092
74798615143082,74800848915803,2233772721
74800851960970,74800994592840,142631870
74804240069783,74805544180967,1304111184
74805550686652,74805708968319,158281667
74809903757928,74811088018964,1184261036
74811090961056,74811289901056,198940000
74815537449498,74815892027202,354577704
74815894977387,74816117862072,222884685
74820532244236,74820878765847,346521611
74820881791588,74821091538643,209747055
74826134615122,74828363826991,2229211869
74828368410879,74828503124694,134713815
74831700072489,74833019707840,1319635351
74833022869025,74833183062636,160193611
74837359447226,74837651752504,292305278
74837657714874,74837908653707,250938833
74843020681278,74843244018334,223337056
74843249469982,74843471936074,222466092
74847653944442,74848989298441,1335353999
74848992404219,74849175150941,182746722
74853206900217,74854416444364,1209544147
74854419386901,74854621412308,202025407
74857964605269,74858215021565,250416296
74858227857565,74858447034491,219176926
74863636353821,74863821417840,185064019
74863824459469,74864052089266,227629797
74868394861096,74869592021355,1197160259
74869595094707,74869793017040,197922333
74873939739241,74875263489796,1323750555
74875266548018,74875451007407,184459389
74879598790905,74881806766866,2207975961
74881814083088,74881951435311,137352223
74885201050568,74887438596196,2237545628
74887442467307,74887586708585,144241278
74890803184213,74891087929453,284745240
74891093593620,74891314600564,221006944
74896491777987,74896790358302,298580315
74896796107839,74897024406024,228298185
74901975730725,74903224045557,1248314832
74903233156927,74903395572205,162415278
74907544750943,74909781402590,2236651647
74909784483405,74909926823349,142339944
74913142368459,74913468953644,326585185
74913473387329,74913734343458,260956129
74918733370918,74918876171381,142800463
74918879787251,74919115837918,236050667
74924304082341,74924636124359,332042018
74924639326267,74924857076433,217750166
74929939839875,74931272049151,1332209276
74931274982929,74931463364596,188381667
74935571196464,74937761420666,2190224202
74937764657574,74937899854703,135197129
74941166969812,74941433521423,266551611
74941436892682,74941675483775,238591093
74946679696161,74948060702160,1381005999
74948066907160,74948288838938,221931778
74952235401213,74952498564861,263163648
74952503081954,74952717313065,214231111
74957841907210,74958165146561,323239351
74958174037617,74958390943265,216905648
74963476083595,74964824416317,1348332722
74964827827317,74965051391354,223564037
74969070278629,74969368714647,298436018
74969374172999,74969597446221,223273222
74974612952478,74974972392181,359439703
74974975471662,74975188119681,212648019
74980301810233,74981493139436,1191329203
74981496391936,74981665935844,169543908
74985909357804,74986264055730,354697926
74986267084396,74986538965452,271881056
74991472517930,74993718501225,2245983295
74993721693207,74993868777873,147084666
74997137231705,74997397912927,260681222
74997402713316,74997626802038,224088722
75002829556090,75005068921682,2239365592
75005072143385,75005212517515,140374130
75008429355309,75009699233438,1269878129
75009702482531,75009860665142,158182611
75014066342584,75016263523638,2197181054
75016266763138,75016409670045,142906907
75019700754432,75020916018765,1215264333
75020920414302,75021116669894,196255592
75025356399781,75025584828392,228428611
75025587704984,75025835113984,247409000
75030835894574,75033070397183,2234502609
75033075147943,75033224867794,149719851
75036496380070,75036682273644,185893574
75036685538441,75036918220237,232681796
75042104055011,75043381498770,1277443759
75043385332362,75043546753881,161421519
75047762089489,75050073357692,2311268203
75050078002210,75050232025692,154023482
75053368599819,75054620026189,1251426370
75054625870152,75054830544115,204673963
75058989254372,75059232057149,242802777
75059235636742,75059472080705,236443963
75064535570831,75065796029682,1260458851
75065799101960,75065988218330,189116370
75070098764717,75070360071495,261306778
75070367164939,75070615175494,248010555
75075635772454,75077829804212,2194031758
75077832949731,75077968324286,135374555
75081234497266,75081385268951,150771685
75081389473247,75081657580358,268107111
75086805975022,75086944206688,138231666
75086949371003,75087193793966,244422963
75092459703167,75094672484313,2212781146
75094675823776,75094813658313,137834537
75098064649182,75099326371570,1261722388
75099330195755,75099522525199,192329444
75103696618808,75105936734196,2240115388
75105940104881,75106077793399,137688518
75109359929860,75109560585953,200656093
75109568924453,75109800830712,231906259
75114988404598,75116216061597,1227656999
75116225048856,75116397016374,171967518
75120470442539,75120737282224,266839685
75120741077224,75120991459409,250382185
75125974453424,75126195518535,221065111
75126198492035,75126482918831,284426796
75131571581310,75131769614143,198032833
75131780881328,75132008412273,227530945
75137227365640,75137455018751,227653111
75137459807177,75137665380454,205573277
75141962763637,75143120014396,1157250759
75143127945951,75143365694247,237748296
75147477237837,75148787138651,1309900814
75148794339374,75149002632448,208293074
75153042423260,75153227637019,185213759
75153230838112,75153480041593,249203481
75158646959497,75159858245034,1211285537
75159864981978,75160016181330,151199352
75164333443716,75165474650345,1141206629
75165482037808,75165723240623,241202815
75169843725306,75171094200879,1250475573
75171097725342,75171323329471,225604129
75175472065024,75176693610468,1221545444
75176700710394,75176964040672,263330278
75180918872447,75182176506983,1257634536
75182179650113,75182334401724,154751611
75186547317518,75186735031240,187713722
75186738850925,75186973964369,235113444
75192151909903,75192373011200,221101297
75192376282700,75192576483903,200201203
75197807857382,75198172039104,364181722
75198175159511,75198374487789,199328278
75203415444434,75204580024303,1164579869
75204588615729,75204813022488,224406759
75209044049393,75210257767652,1213718259
75210262964041,75210438664967,175700926
75214705382705,75214887035501,181652796
75214890218594,75215127503223,237284629
75220303342998,75221658044349,1354701351
75221665343386,75221920424738,255081352
75225779031643,75225920030013,140998370
75225923042754,75226178964235,255921481
75231315060380,75231460146139,145085759
75231470003343,75231707263398,237260055
75236073798470,75236439851507,366053037
75236443071155,75236655086599,212015444
75241646185004,75242940067336,1293882332
75242946549281,75243235640169,289090888
75246583344389,75248878918018,2295573629
75248883257147,75249035715814,152458667
75252211529886,75252583898219,372368333
75252587057201,75252831209904,244152703
75257868544827,75258129102753,260557926
75258132859383,75258362203938,229344555
75263381998342,75263518983490,136985148
75263523836398,75263765681213,241844815
75269008244635,75269326099080,317854445
75269329757876,75269549942579,220184703
75274615137039,75275916852465,1301715426
75275920962687,75276182899835,261937148
75280146444666,75281401740906,1255296240
75281406589980,75281604036980,197447000
75285686203477,75285976627922,290424445
75285983640125,75286219792644,236152519
75291255373104,75293441715621,2186342517
75293444921547,75293595332139,150410592
75296883547230,75299180970006,2297422776
75299185269266,75299349095821,163826555
75302543143004,75302764352893,221209889
75302771872467,75302992066782,220194315
75307536044001,75308787581204,1251537203
75308790688130,75309001083797,210395667
75313048421017,75313264208887,215787870
75313269842905,75313504600776,234757871
75317833236310,75318097777421,264541111
75318102464643,75318358329884,255865241
75323382944862,75323700404269,317459407
75323704943158,75323925840510,220897352
75328980075655,75331175227302,2195151647
75331178268580,75331357569450,179300870
75334707078818,75335943998984,1236920166
75335949239151,75336152328947,203089796
75339467462686,75341710316629,2242853943
75341718207518,75341870442110,152234592
75345077057183,75347387225700,2310168517
75347390365774,75347541742589,151376815
75350679428809,75352870708530,2191279721
75352873779326,75353017240622,143461296
75355471777158,75356694422768,1222645610
75356697555120,75356979544064,281988944
75360408216229,75361685272913,1277056684
75361689236636,75361855713580,166476944
75366065804874,75366320647281,254842407
75366326564300,75366588047207,261482907
75371575866037,75371929750333,353884296
75371936732796,75372144656259,207923463
75377229446960,75378412758163,1183311203
75378415972681,75378631574570,215601889
75382864059530,75384232821567,1368762037
75384238413307,75384519647178,281233871
75387765982842,75387998543361,232560519
75388003734250,75388209045453,205311203
75393451586191,75393648633783,197047592
75393654155320,75393912785005,258629685
75399089417465,75401362752168,2273334703
75401365956427,75401510608038,144651611
75404725046073,75406987881461,2262835388
75406997995016,75407151307849,153312833
75410384778403,75410719078977,334300574
75410722353866,75410952629310,230275444
75415987270826,75416320077196,332806370
75416326855770,75416543202696,216346926
75420746476600,75421891655174,1145178574
75421895025637,75422063015618,167989981
75426384988653,75427650744596,1265755943
75427653873485,75427837740948,183867463
75431952041668,75432290359482,338317814
75432294906020,75432528376019,233469999
75437585782350,75437831442294,245659944
75437834820905,75438067795442,232974537
75443214777957,75444444059697,1229281740
75444450088475,75444640029938,189941463
75448876034806,75449206095195,330060389
75449210880621,75449451279176,240398555
75454417400062,75456660895672,2243495610
75456665792153,75456807003746,141211593
75460079909725,75460459888762,379979037
75460462939262,75460664200095,201260833
75464198383204,75464456067611,257684407
75464459191445,75464686548778,227357333
75469807167979,75470175753386,368585407
75470179955090,75470395104052,215148962
75475415636327,75475608034383,192398056
75475613052364,75475837685882,224633518
75481070582546,75481300963157,230380611
75481303962490,75481521571638,217609148
75486765252765,75488089298671,1324045906
75488092683912,75488275171912,182488000
75492342786428,75494529297982,2186511554
75494533288705,75494666387871,133099166
75497815702647,75498185205610,369502963
75498189484888,75498396426721,206941833
75503410624885,75503667552810,256927925
75503671952921,75503891428625,219475704
75509010074863,75509304463325,294388462
75509310327955,75509537022659,226694704
75514608508563,75514808041193,199532630
75514811109156,75515044044526,232935370
75520274921745,75521598922133,1324000388
75521603546022,75521759584818,156038796
75525936815853,75527132971352,1196155499
75527141333444,75527394781667,253448223
75531415593960,75532578383904,1162789944
75532583271978,75532753932367,170660389
75537014946531,75538263425975,1248479444
75538272145716,75538463719271,191573555
75542611187250,75542843021750,231834500
75542847119120,75543096181750,249062630
75548243452543,75548466963487,223510944
75548470201747,75548708033376,237831629
75553782793003,75555095478132,1312685129
75555100038983,75555274421502,174382519
75559410642573,75561600509776,2189867203
75561605640942,75561743297591,137656649
75565011928237,75566403731717,1391803480
75566409481069,75566642620551,233139482
75570575797215,75570938225289,362428074
75570946678715,75571168787992,222109277
75576270947026,75578480171618,2209224592
75578484416025,75578620574173,136158148
75581876581838,75582252055152,375473314
75582255032467,75582455831041,200798574
75587442995538,75589710025981,2267030443
75589713394685,75589852258407,138863722
75592983965627,75594328741312,1344775685
75594340690367,75594520534052,179843685
75598582261309,75600769132475,2186871166
75600772278308,75600906703641,134425333
75604086511232,75604448036047,361524815
75604451138676,75604661349065,210210389
75609715386710,75610073660839,358274129
75610078267210,75610279015969,200748759
75615288484207,75615514918855,226434648
75615520289429,75615755023984,234734555
75620856624981,75622093518480,1236893499
75622098788369,75622265499091,166710722
75626542944330,75628706111162,2163166832
75628709533310,75628840844551,131311241
75632052073086,75633219412566,1167339480
75633222620418,75633411765566,189145148
75637679558675,75637983770193,304211518
75637987944841,75638216734675,228789834
75643184362283,75644411319634,1226957351
75644416688893,75644650395671,233706778
75648720067261,75649075691798,355624537
75649082427038,75649296027464,213600426
75654384891850,75655603463627,1218571777
75655606553812,75655868015053,261461241
75659895382439,75662161003697,2265621258
75662166004623,75662325213475,159208852
75665580779306,75666804794361,1224015055
75666807971880,75667004053565,196081685
75671213613303,75671478597840,264984537
75671487753599,75671763800377,276046778
75676055355467,75677220028707,1164673240
75677225799170,75677400033244,174234074
75681684081797,75683988044462,2303962665
75683993932018,75684152246758,158314740
75687345567553,75687603128404,257560851
75687607188515,75687824041812,216853297
75692944055735,75694199685178,1255629443
75694205364067,75694422468789,217104722
75698446676639,75698604016065,157339426
75698607911620,75698866743287,258831667
75703954344969,75704217381209,263036240
75704222015524,75704428769431,206753907
75709618201373,75710936118928,1317917555
75710939195687,75711088168131,148972444
75715308454629,75715674907110,366452481
75715684193036,75715917119776,232926740
75720853423440,75721212049699,358626259
75721215710644,75721468068218,252357574
75726478704270,75726719686103,240981833
75726725622270,75726926187399,200565129
75732050113545,75733336625655,1286512110
75733339833340,75733483186988,143353648
75737714390078,75737906074930,191684852
75737909537597,75738132567708,223030111
75743375794964,75744706718741,1330923777
75744709949722,75744856079407,146129685
75749010731201,75751200761015,2190029814
75751205498885,75751350003163,144504278
75754671670124,75755005868086,334197962
75755008982123,75755227642549,218660426
75760175321806,75760503287231,327965425
75760507735324,75760721518176,213782852
75765811436876,75768114350653,2302913777
75768117636968,75768271248838,153611870
75771472786058,75771798926058,326140000
75771803296373,75772019221613,215925240
75777078822721,75777439833869,361011148
75777443220906,75777699769721,256548815
75782678595496,75783925218680,1246623184
75783931463051,75784091981921,160518870
75788336966937,75789560061658,1223094721
75789563235047,75789800034603,236799556
75793843899508,75794188024489,344124981
75794191285600,75794386089619,194804019
75799471498282,75799763442338,291944056
75799767055115,75799980351300,213296185
75805079897742,75805456552445,376654703
75805459674353,75805670313427,210639074
75810732410831,75811140632831,408222000
75811143610034,75811389525312,245915278
75816335645087,75818580172678,2244527591
75818583272715,75818724045030,140772315
75821963976602,75823153671490,1189694888
75823160327490,75823420094879,259767389
75827504657321,75828723915117,1219257796
75828730499302,75828886772079,156272777
75833108529966,75835297776539,2189246573
75835300880576,75835436182168,135301592
75838678504000,75839894355591,1215851591
75839898585221,75840064025425,165440204
75844335963885,75844670978033,335014148
75844679051626,75844989172237,310120611
75849846599234,75851164247492,1317648258
75851170200770,75851321159973,150959203
75855444096082,75856612112267,1168016185
75856615603970,75856831089433,215485463
75861055333653,75861348043523,292709870
75861354728116,75861565226412,210498296
75866578995075,75866724393520,145398445
75866728174038,75866964903223,236729185
75872208459109,75873429484516,1221025407
75873434020590,75873640605090,206584500
75877839213587,75878071542476,232328889
75878077081032,75878306896865,229815833
75883440070862,75884792077157,1352006295
75884795705694,75885011074490,215368796
75889009779136,75891314953264,2305174128
75891318029005,75891468677153,150648148
75894615428577,75895901568706,1286140129
75895905040558,75896083351243,178310685
75900272101778,75900468046037,195944259
75900476269166,75900707219814,230950648
75905779320885,75906046093330,266772445
75906051174682,75906269291089,218116407
75911376296641,75911670315826,294019185
75911673886197,75911924696826,250810629
75916944503786,75917227158027,282654241
75917232166768,75917453557638,221390870
75922607574579,75922750380412,142805833
75922753678135,75922985766264,232088129
75928119740131,75929291489612,1171749481
75929294772149,75929469144131,174371982
75933776635369,75936051795330,2275159961
75936054897997,75936207167515,152269518
75939383411069,75940610884235,1227473166
75940614091365,75940832441920,218350555
75944971545695,75946169964843,1198419148
75946173510213,75946333665843,160155630
75949727847952,75950041530896,313682944
75950048867489,75950270821711,221954222
75954471404838,75954744034153,272629315
75954747643856,75954996028597,248384741
75960077729964,75961306813741,1229083777
75961312731852,75961468248852,155517000
75965711507072,75965904027646,192520574
75965907760664,75966170700849,262940185
75971283911513,75972499257679,1215346166
75972502396327,75972670141938,167745611
75976943961287,75977205229917,261268630
75977213707139,75977419452343,205745204
75982480531525,75983649692895,1169161370
75983653190913,75983870448839,217257926
75988083907633,75990359685187,2275777554
75990363861557,75990516488483,152626926
75993716081870,75995954628591,2238546721
75995959351776,75996104875443,145523667
75998466038534,75998733086515,267047981
75998736320052,75998947149571,210829519
76004023341160,76004284197086,260855926
76004288961605,76004562061678,273100073
76009559143064,76011799814582,2240671518
76011807148841,76011947369378,140220537
76015245815542,76017410004152,2164188610
76017413124726,76017547314874,134190148
76020759010317,76021140043872,381033555
76021148991835,76021360545780,211553945
76026388927054,76028622826979,2233899925
76028627861071,76028769539979,141678908
76032021356699,76034258091198,2236734499
76034263208531,76034405446475,142237944
76037709378270,76037989978233,280599963
76037997597844,76038226066307,228468463
76043343184618,76044676960229,1333775611
76044683451969,76044877252803,193800834
76048915848633,76050084611929,1168763296
76050087663744,76050271761577,184097833
76054576050575,76054899587167,323536592
76054902779482,76055128548500,225769018
76060180992960,76061434552015,1253559055
76061437760478,76061599565607,161805129
76065782062549,76066008516271,226453722
76066011996049,76066241745271,229749222
76071378901898,76073570046748,2191144850
76073575460415,76073720636082,145175667
76076983057746,76077348963079,365905333
76077352930654,76077579785005,226854351
76082611586391,76082955492539,343906148
76082960422058,76083184034243,223612185
76088242450610,76089415275943,1172825333
76089418412424,76089587139943,168727519
76093876406014,76095044054384,1167648370
76095047240069,76095231277828,184037759
76099567141233,76100950538621,1383397388
76100955884899,76101231578250,275693351
76104471811304,76105794056544,1322245240
76105798499896,76105988314044,189814148
76110034556375,76110182500375,147944000
76110185528282,76110422115745,236587463
76115727071705,76116088112056,361040351
76116091882760,76116307518019,215635259
76121360313720,76121614391979,254078259
76121621046405,76121846202109,225155704
76127024446124,76128274710068,1250263944
76128282033660,76128441026716,158993056
76132716965824,76133859735175,1142769351
76133862821175,76134048244749,185423574
76138323741043,76140597302357,2273561314
76140602265931,76140754904931,152639000
76143923843077,76145142457835,1218614758
76145150263835,76145341024780,190760945
76148678071370,76149910175055,1232103685
76149914173333,76150078573518,164400185
76154350487182,76155540782440,1190295258
76155551632700,76155707734885,156102185
76159926103438,76160062860104,136756666
76160066170901,76160332427808,266256907
76165613000657,76166809638785,1196638128
76166814935859,76166975652600,160716741
76171153364950,76171302179394,148814444
76171307121098,76171538317209,231196111
76176817553724,76177956044538,1138490814
76177959081112,76178212885001,253803889
76182295930350,76182554026628,258096278
76182560212720,76182777923109,217710389
76187948034884,76188238259347,290224463
76188243718847,76188527866587,284147740
76193458524566,76193710279992,251755426
76193713599158,76193934519121,220919963
76199123749988,76200371901265,1248151277
76200374977377,76200533084858,158107481
76204726565059,76206044370799,1317805740
76206047640466,76206228296262,180655796
76210325077204,76212560810814,2235733610
76212563950203,76212704448295,140498092
76215983142404,76217498376292,1515233888
76217505539533,76217724984662,219445129
76220979083957,76222236837160,1257753203
76222241765660,76222468235937,226470277
76226512309398,76227686786860,1174477462
76227689954453,76227861897193,171942740
76232147112209,76234381345578,2234233369
76234386289653,76234527979578,141689925
76237746537743,76237945841521,199303778
76237952488762,76238175538058,223049296
76243286063703,76244498992850,1212929147
76244503670961,76244672037924,168366963
76248945009125,76250166373495,1221364370
76250170175106,76250380696680,210521574
76254544736418,76254730543029,185806611
76254733785585,76255031030325,297244740
76260175328841,76260455524896,280196055
76260459231822,76260696976452,237744630
76265750177245,76265978804152,228626907
76265988361430,76266197745300,209383870
76271351497612,76272627983352,1276485740
76272632638037,76272796958574,164320537
76276980414072,76277245322942,264908870
76277251820257,76277468800701,216980444
76282608908253,76284803719345,2194811092
76284807036400,76284955708789,148672389
76288273565380,76290467255619,2193690239
76290470423175,76290605700101,135276926
76293875483747,76294022833765,147350018
76294026243117,76294290655580,264412463
76299447387799,76300686707650,1239319851
76300690142650,76300850635298,160492648
76305048046499,76307233890535,2185844036
76307237198220,76307379140683,141942463
76310732656163,76310960944811,228288648
76310968174033,76311179711329,211537296
76316310686122,76317477370010,1166683888
76317481837177,76317701616455,219779278
76321871460989,76322228035378,356574389
76322236342248,76322488836433,252494185
76327504989356,76327704030652,199041296
76327707096097,76327920248912,213152815
76333135122501,76335295896555,2160774054
76335301030092,76335434144426,133114334
76338640542442,76338994010738,353468296
76338999007220,76339226958886,227951666
76343599222773,76343822767495,223544722
76343825933310,76344052783198,226849888
76349240205732,76350487586472,1247380740
76350490908639,76350647754213,156845574
76354923875118,76355146164062,222288944
76355150945488,76355386994210,236048722
76359651820726,76360000784892,348964166
76360008435207,76360233447503,225012296
76365291777389,76365590275111,298497722
76365595044593,76365849438722,254394129
76370895510997,76371092028867,196517870
76371095264478,76371319314682,224050204
76376529868031,76377815919678,1286051647
76377822491845,76377982679641,160187796
76382159543398,76382462677435,303134037
76382465996194,76382677971805,211975611
76387852926024,76388149849339,296923315
76388156523857,76388373648450,217124593
76393401249261,76394659607909,1258358648
76394662850279,76394822249761,159399482
76398998912629,76401305777016,2306864387
76401309410831,76401466629812,157218981
76404599370570,76405873664736,1274294166
76405878125161,76406078432291,200307130
76410196434714,76411532046269,1335611555
76411538547417,76411718030251,179482834
76415825404007,76418098918450,2273514443
76418104666006,76418268033043,163367037
76421430610893,76421581417652,150806759
76421584415300,76421835829430,251414130
76426998563130,76427267948797,269385667
76427278082482,76427496286149,218203667
76432626715349,76432771269294,144553945
76432776670682,76433007149460,230478778
76438285473401,76439432299438,1146826037
76439435334030,76439619392382,184058352
76443920410713,76444102624824,182214111
76444110064657,76444324037824,213973167
76449526090672,76449706657969,180567297
76449711507543,76449947299246,235791703
76455178926447,76455327492484,148566037
76455330616780,76455575638095,245021315
76460815951906,76462076340295,1260388389
76462079474998,76462383346794,303871796
76465778677700,76466047759644,269081944
76466054551848,76466279913792,225361944
76471472808122,76472865031603,1392223481
76472868434436,76473093537677,225103241
76477007866638,76478189906785,1182040147
76478196370174,76478389474748,193104574
76482639283319,76482776026393,136743074
76482784542504,76483021757208,237214704
76488306699853,76488555778001,249078148
76488559140334,76488781471464,222331130
76493940071665,76496217318071,2277246406
76496220764959,76496375906848,155141889
76499571483217,76500897070549,1325587332
76500900436309,76501049319660,148883351
76505262123565,76506461113639,1198990074
76506464679546,76506626503953,161824407
76510838718432,76511166684839,327966407
76511171642802,76511394409062,222766260
76516342104151,76518616432279,2274328128
76518620786224,76518775806372,155020148
76522029250148,76524240290795,2211040647
76524243310035,76524386402017,143091982
76527605490626,76528778190347,1172699721
76528783333662,76528990156681,206823019
76533174231863,76533449883974,275652111
76533457782826,76533683496419,225713593
76538832229304,76541134005210,2301775906
76541139329729,76541287336266,148006537
76544467715171,76544747340375,279625204
76544752834042,76544969482282,216648240
76550070277187,76550208152779,137875592
76550213652724,76550476373131,262720407
76555671011665,76557933068849,2262057184
76557937940663,76558088075478,150134815
76561296201384,76562827556938,1531355554
76562831177290,76563062655679,231478389
76566290252955,76567655848935,1365595980
76567658880898,76567835611380,176730482
76571889265563,76573066537691,1177272128
76573070814858,76573249254562,178439704
76577581135355,76577831848670,250713315
76577838060022,76578073224707,235164685
76582516075112,76584749505759,2233430647
76584753675796,76584896974758,143298962
76588054217071,76588198221182,144004111
76588203690386,76588442803942,239113556
76593742222142,76595961107844,2218885702
76595965741919,76596108808807,143066888
76599346980583,76599675763250,328782667
76599678853694,76599937644231,258790537
76604914521932,76605148047617,233525685
76605151208820,76605397627024,246418204
76610423366540,76612668320242,2244953702
76612672821409,76612813348390,140526981
76616019806092,76618290911387,2271105295
76618296822461,76618444259461,147437000
76621681305348,76623953518050,2272212702
76623956871069,76624114146050,157274981
76627343816566,76627580021214,236204648
76627583054363,76627830661085,247606722
76632977769989,76634190715136,1212945147
76634196143785,76634356842914,160699129
76638639068467,76639902580281,1263511814
76639907304818,76640126687096,219382278
76644118321760,76644455360779,337039019
76644458589075,76644690442297,231853222
76649686958109,76650950614886,1263656777
76650959193812,76651182958645,223764833
76655187645309,76656416409771,1228764462
76656423720438,76656616690197,192969759
76660758061306,76660904289935,146228629
76660907335898,76661143391639,236055741
76666355922784,76667571348283,1215425499
76667578691543,76667768037320,189345777
76671956069799,76672208026984,251957185
76672210993392,76672439798095,228804703
76677612951314,76678936816425,1323865111
76678939854351,76679113506999,173652648
76683244732589,76685526074754,2281342165
76685530628439,76685679942532,149314093
76688823621474,76690037345696,1213724222
76690042261437,76690241924899,199663462
76694419723193,76694651602860,231879667
76694658025026,76694880106693,222081667
76700053962653,76702243758133,2189795480
76702248332466,76702382557911,134225445
76705620586372,76706873576482,1252990110
76706876955389,76707033335482,156380093
76711219887424,76711571290239,351402815
76711574380961,76711785659572,211278611
76716881419902,76717079505328,198085426
76717084992291,76717315190791,230198500
76722420066695,76723641922287,1221855592
76723649419842,76723844900620,195480778
76728018550340,76728215546340,196996000
76728223944117,76728453306765,229362648
76733587321707,76733789665873,202344166
76733793914244,76734031742244,237828000
76739155144889,76740382250795,1227105906
76740385619592,76740599384629,213765037
76744813175904,76745043265404,230089500
76745046269682,76745261925478,215655796
76750384794771,76751568021622,1183226851
76751576583215,76751786727048,210143833
76756017949860,76757216222174,1198272314
76757224511285,76757472323600,247812315
76761580843690,76761766353042,185509352
76761771974616,76762003638079,231663463
76767213272965,76767406567576,193294611
76767412189742,76767642610668,230420926
76771949758851,76774189898757,2240139906
76774194596349,76774357182053,162585704
76777523717403,76778846781217,1323063814
76778850199624,76779100075365,249875741
76782999390900,76783352029251,352638351
76783355643751,76783559066399,203422648
76788627233878,76790819071062,2191837184
76790822347043,76790958657506,136310463
76794198060356,76794557091356,359031000
76794564057948,76794773232374,209174426
76799853981538,76800040632038,186650500
76800045744075,76800277226926,231482851
76805458539368,76806724580830,1266041462
76806728832793,76806920545700,191712907
76811061381624,76811319105475,257723851
76811322276123,76811551365660,229089537
76816630100139,76817987037916,1356937777
76817992588434,76818185696101,193107667
76822285273858,76823522261357,1236987499
76823526386672,76823730634986,204248314
76827888888428,76829063938743,1175050315
76829067882317,76829242677317,174795000
76833551888795,76834904045091,1352156296
76834907252628,76835168515443,261262815
76838451258663,76840721496884,2270238221
76840726955143,76840884452106,157496963
76844055032771,76845375982325,1320949554
76845387799270,76845534540325,146741055
76849655790230,76850829340100,1173549870
76850832735896,76851040676229,207940333
76855308020005,76857475107670,2167087665
76857479129355,76857616696114,137566759
76860822646113,76861136109316,313463203
76861139217372,76861355274779,216057407
76866420185128,76866612976165,192791037
76866618289850,76866842563202,224273352
76872080032291,76872215484069,135451778
76872222917532,76872475607994,252690462
76877620052343,76879810210101,2190157758
76879815168212,76879954215268,139047056
76883251193155,76883582715025,331521870
76883586703692,76883809876525,223172833
76888912475262,76891156225002,2243749740
76891159489798,76891300823150,141333352
76894480465129,76894629309352,148844223
76894632464778,76894870167481,237702703
76900082681885,76900278546700,195864815
76900283774700,76900513991663,230216963
76905686882586,76906043268863,356386277
76906050142437,76906276892511,226750074
76911287185879,76913548221414,2261035535
76913552425303,76913711963822,159538519
76916973034172,76917325723153,352688981
76917330640690,76917546202282,215561592
76922639116187,76923872094205,1232978018
76923875256001,76924061354427,186098426
76928242632387,76929498950294,1256317907
76929504845535,76929697468646,192623111
76933872078828,76935133103902,1261025074
76935136573753,76935353310827,216737074
76939439728066,76939773488788,333760722
76939777744232,76939990188899,212444667
76945014942896,76947249771024,2234828128
76947253252320,76947403026987,149774667
76950643056503,76951007445688,364389185
76951010776281,76951229068096,218291815
76956271452333,76958512446332,2240993999
76958517531239,76958662199832,144668593
76961964372145,76962260423385,296051240
76962263471089,76962473788848,210317759
76967413936475,76967747246549,333310074
76967750464252,76967979314141,228849889
76973043268620,76974264688415,1221419795
76974271289915,76974445438341,174148426
76978732628857,76979096122727,363493870
76979099605449,76979312767209,213161760
76984339258428,76986532286964,2193028536
76986535439389,76986670989575,135550186
76989938581017,76990142785276,204204259
76990146272850,76990382829517,236556667
76995538568125,76995689440995,150872870
76995692554106,76995930237328,237683222
77001168175177,77001558866584,390691407
77001566242232,77001813826973,247584741
77006742088507,77007001086192,258997685
77007004309822,77007224490044,220180222
77012371360541,77012662774948,291414407
77012665788966,77012918691466,252902500
77018002404185,77019179608111,1177203926
77019182999018,77019387988499,204989481
77023575663645,77024814713311,1239049666
77024817844867,77024976051607,158206740
77029232622660,77029528277308,295654648
77029537763938,77029760042271,222278333
77034895826120,77037138532248,2242706128
77037146951174,77037288073063,141121889
77040531777987,77040821185783,289407796
77040827302357,77041076051783,248749426
77046095892595,77046434700483,338807888
77046441180835,77046666247205,225066370
77051697130128,77051980467239,283337111
77051983553591,77052192413795,208860204
77057391900588,77058623996680,1232096092
77058627591087,77058831370680,203779593
77062967480640,77064131957269,1164476629
77064140920843,77064320057621,179136778
77068626091526,77068889661803,263570277
77068892897563,77069128039859,235142296
77074258636189,77075529568096,1270931907
77075532995207,77075756981207,223986000
77079766208834,77079914677297,148468463
77079919869834,77080168042667,248172833
77085356948738,77086622444293,1265495555
77086626679441,77086790733404,164053963
77090966098512,77093154683585,2188585073
77093158502437,77093298039252,139536815
77096593335639,77097957078490,1363742851
77097960231804,77098134713601,174481797
77102225226376,77102486745857,261519481
77102494106043,77102708909616,214803573
77107887577669,77108212023521,324445852
77108218439558,77108441374150,222934592
77113551442591,77115718358979,2166916388
77115721527442,77115867088683,145561241
77119212812125,77119566461588,353649463
77119570078273,77119792327088,222248815
77124818141622,77126143785843,1325644221
77126147601251,77126377843269,230242018
77130330015693,77131496015451,1165999758
77131500094785,77131721576877,221482092
77135924111578,77137188369651,1264258073
77137191469929,77137402369374,210899445
77141523960316,77142805313648,1281353332
77142808601093,77143031133444,222532351
77147056936757,77147319337479,262400722
77147323917942,77147546988756,223070814
77152663533568,77153828031086,1164497518
77153831044456,77154060690715,229646259
77158317213306,77159644674508,1327461202
77159652398601,77159847145119,194746518
77163858162099,77164084951802,226789703
77164090907358,77164307774783,216867425
77169492076503,77170668024372,1175947869
77170671000520,77170875100428,204099908
77175148453499,77175369149221,220695722
77175374874258,77175623072462,248198204
77180752595663,77181950267791,1197672128
77181954716977,77182218481569,263764592
77185647829382,77185989265363,341435981
77185995124104,77186219684715,224560611
77191285513138,77192568911711,1283398573
77192571902878,77192768198489,196295611
77196854238394,77197076029801,221791407
77197078986319,77197345059653,266073334
77202455918631,77203776166667,1320248036
77203781520223,77203993266519,211746296
77208018286220,77210288025904,2269739684
77210291767163,77210447711200,155944037
77213648327180,77214880544679,1232217499
77214883606198,77215043345661,159739463
77219312512751,77220634405917,1321893166
77220642614268,77220832399898,189785630
77224916547488,77225060028210,143480722
77225063124932,77225328037321,264912389
77230543605651,77231766312410,1222706759
77231769757780,77231958907317,189149537
77236207281055,77236436029278,228748223
77236440277574,77236665343611,225066037
77241814842774,77243124320977,1309478203
77243130935255,77243292327625,161392370
77247471418715,77247621943975,150525260
77247625276919,77247896047845,270770926
77253040840768,77253455035453,414194685
77253462360564,77253752670267,290309703
77258579541024,77260881454504,2301913480
77260884644467,77261030354967,145710500
77264182563817,77265346148334,1163584517
77265351055390,77265539113075,188057685
77269842518832,77270205446368,362927536
77270213089813,77270432411517,219321704
77275475966773,77276648488976,1172522203
77276653128198,77276866678790,213550592
77281047208195,77283236056453,2188848258
77283239167083,77283379832527,140665444
77286674046470,77288032607302,1358560832
77288038359302,77288317191932,278832630
77291637103448,77291778092430,140988982
77291783444633,77292039521448,256076815
77297206027093,77297390996389,184969296
77297394173445,77297626066389,231892944
77302744862719,77304024288737,1279426018
77304028154515,77304232651867,204497352
77308342455272,77308659531383,317076111
77308662718012,77308880097345,217379333
77314004326528,77314146144639,141818111
77314153449898,77314408564379,255114481
77319575053709,77320743773912,1168720203
77320746958875,77320964877449,217918574
77325199406576,77325486805891,287399315
77325493471928,77325712623965,219152037
77330774817962,77330966819277,192001315
77330970785332,77331216268314,245482982
77336427283662,77336722913403,295629741
77336727813884,77336950235718,222421834
77342003848029,77343183693455,1179845426
77343187133584,77343353449621,166316037
77347602724063,77348868030710,1265306647
77348871497544,77349056320451,184822907
77353263341263,77353400628226,137286963
77353403926578,77353652711152,248784574
77358836788742,77359168052871,331264129
77359171882278,77359408659963,236777685
77364524947460,77366689841255,2164893795
77366693077330,77366832429033,139351703
77370094339550,77372314887771,2220548221
77372319891548,77372462187289,142295741
77375728188287,77377922147489,2193959202
77377927191989,77378066019823,138827834
77381360458691,77382621028894,1260570203
77382625298598,77382814105450,188806852
